430
434.215686
438.431373
442.647059
446.862745
451.078431
455.294118
459.509804
463.72549
467.941176
472.156863
476.372549
480.588235
484.803922
489.019608
493.235294
497.45098
501.666667
505.882353
510.098039
514.313725
518.529412
522.745098
526.960784
531.176471
535.392157
539.607843
543.823529
548.039216
552.254902
556.470588
560.686275
564.901961
569.117647
573.333333
577.54902
581.764706
585.980392
590.196078
594.411765
598.627451
602.843137
607.058824
611.27451
615.490196
619.705882
623.921569
628.137255
632.352941
636.568627
640.784314
645
649.215686
653.431373
657.647059
661.862745
666.078431
670.294118
674.509804
678.72549
682.941176
687.156863
691.372549
695.588235
699.803922
704.019608
708.235294
712.45098
716.666667
720.882353
725.098039
729.313725
733.529412
737.745098
741.960784
746.176471
750.392157
754.607843
758.823529
763.039216
767.254902
771.470588
775.686275
779.901961
784.117647
788.333333
792.54902
796.764706
800.980392
805.196078
809.411765
813.627451
817.843137
822.058824
826.27451
830.490196
834.705882
838.921569
843.137255
847.352941
851.568627
855.784314
860
